                        Block limits               File limits
User            used    soft    hard  grace    used  soft  hard  grace
root      --  436643       0       0            478     0     0       
bin       --      17       0       0              2     0     0       
daemon    --      18       0       0              4     0     0       
adm       --     276       0       0              1     0     0       
lp        --     191   10000   12000              1     0     0       
sync      --     268       0       0              1     0     0       
shutdown  --      16       0       0              1     0     0       
halt      --      16       0       0              1     0     0       
mail      --    2860       0       0              2     0     0       
news      --      43       0       0              5     0     0       
uucp      --       2       0       0              5     0     0       
operator  --      16       0       0              1     0     0       
games     --      16   10000   12000              1     0     0       
gopher    --     287   10000   12000              1     0     0       
ftp       --     284   10000   12000              1     0     0       
download  --      50   10000   12000              1     0     0       
man       --     331       0       0              1     0     0       
sslwrap   --       3   10000   12000              2     0     0       
named     --     836       0       0            194     0     0       
nobody    --     112       0       0              5     0     0       
majordomo --     707       0       0              3     0     0       
hostmaster--       0       0       0              1     0     0       
squid     --      96       0       0             23     0     0       
real      --     191       0       0              1     0     0       
mad-k9    --       0   10000   12000              1     0     0       
joe       --    4764       0       0              1     0     0       
pburns    --    8132   10000   12000              2     0     0       
nbasham   --    4696   10000   12000              1     0     0       
kbyte     --    1568   10000   12000              1     0     0       
garland   --      60   10000   12000              1     0     0       
carol     --      15       0       0              1     0     0       
bucksumm  --    7284   10000   12000              1     0     0       
tub       --       0   10000   12000              1     0     0       
hamellt   --      76   10000   12000              1     0     0       
mikey     --     218   10000   12000              1     0     0       
rolfemrehs--       4   10000   12000              1     0     0       
bpeacock  --      72   10000   12000              1     0     0       
greglmettl--    1628   10000   12000              1     0     0       
hbyoung   --       0   10000   12000              1     0     0       
scott     --     231   10000   12000              1     0     0       
httpd     --     232       0       0              6     0     0       
new       --      50   10000   12000              1     0     0       
m&m       --       4   10000   12000              1     0     0       
jessica   --       0   10000   12000              1     0     0       
joejr     --      40   10000   12000              1     0     0       
westland  --       2   10000   12000              2     0     0       
tbcco     --       4   10000   12000              3     0     0       
firecrab  --     272   10000   12000              1     0     0       
cicp      --     164   10000   12000              1     0     0       
rwheeler  --       4   10000   12000              1     0     0       
mekim     --     220   10000   12000              1     0     0       
abate     --    6160   10000   12000              1     0     0       
zig105    --      24   10000   12000              1     0     0       
fowlks    --     128   10000   12000              1     0     0       
marblemano--    7444   10000   12000              1     0     0       
firstchoic--       4   10000   12000              1     0     0       
larry     --    7424   10000   12000              1     0     0       
imall     --       9   10000   12000              1     0     0       
judyk     --     288   10000   12000              1     0     0       
chrishawk --      36   10000   12000              1     0     0       
reece     --      60   10000   12000              1     0     0       
wcst      --    4396   10000   12000              1     0     0       
632       --     284       0       0              1     0     0       
langs     --     272   10000   12000              2     0     0       
hansnelson--    1416   10000   12000              2     0     0       
sandy     --     288   10000   12000              1     0     0       
dar444    --      88   10000   12000              1     0     0       
maydew    --     480   10000   12000              1     0     0       
chariew   --     128   10000   12000              1     0     0       
carsonj   --     142   10000   12000              2     0     0       
3rdrck    --      84   10000   12000              1     0     0       
domain    --     154   10000   12000              1     0     0       
dsmith    --      16   10000   12000              1     0     0       
rickf     --      12   10000   12000              1     0     0       
aop       --      36   10000   12000              1     0     0       
carrk     --     187   10000   12000              2     0     0       
687       --       1       0       0              1     0     0       
kstillwell--     112   10000   12000              1     0     0       
dmars     --    2528   10000   12000              1     0     0       
rick      --       0   10000   12000              1     0     0       
andrea    --       0   10000   12000              1     0     0       
arm       --      28   10000   12000              1     0     0       
721       --       0   10000   12000              1     0     0       
jang      --       8   10000   12000              1     0     0       
maryh     --      48   10000   12000              1     0     0       
alicemch  --     264   10000   12000              1     0     0       
moservices--      48   10000   12000              1     0     0       
harmony123--       4   10000   12000              1     0     0       
cjedberg  --     252   10000   12000              1     0     0       
fisher    --       0   10000   12000              1     0     0       
bscott    --      76   10000   12000              1     0     0       
ascott    --      96   10000   12000              1     0     0       
gtc       --     348   10000   12000              1     0     0       
bcs       --      20   10000   12000              1     0     0       
bazeller  --      12   10000   12000              1     0     0       
mwalker   --     168   10000   12000              1     0     0       
kliburdy  --       8   10000   12000              1     0     0       
sbarker   --    6588   10000   12000              1     0     0       
svanderpoo--    5840   10000   12000              1     0     0       
brisprop  --       0   10000   12000              1     0     0       
la44      --     172   10000   12000              1     0     0       
rspanther --       0   10000   12000              1     0     0       
wcooley   --       4       0       0              2     0     0       
abateofore--       0   10000   12000              1     0     0       
gleeson1  --     112   10000   12000              1     0     0       
gleeson2  --      46   10000   12000              1     0     0       
americaneq--       0   10000   12000              1     0     0       
lisagerard--       0   10000   12000              1     0     0       
mark      --      16   10000   12000              1     0     0       
792       --       3       0       0              1     0     0       
793       --      10       0       0              1     0     0       
ssilent   --      12   10000   12000              1     0     0       
795       --       0   10240   20480              1     0     0       
lona      --      24   10000   12000              1     0     0       
nwfleam   --    3184   10000   12000              1     0     0       
maddie    --       0   10000   12000              1     0     0       
lmalone   --      40   10000   12000              1     0     0       
gregb     +-   10076   10000   12000 14days       1     0     0       
bmealey   --     104   10000   12000              1     0     0       
noteboom  --       0   10000   12000              1     0     0       
fasteddie3--    1216   10000   12000              1     0     0       
hiatts    --      76   10000   12000              1     0     0       
cindy     --       4   10000   12000              1     0     0       
ashley    --     432   10000   12000              1     0     0       
mckinley  --      56   10000   12000              1     0     0       
clarkwing --      56   10000   12000              1     0     0       
cannards  --      28   10000   12000              1     0     0       
najin24   --      24   10000   12000              1     0     0       
sandysr   --    3464   10000   12000              1     0     0       
toniwolf  --       0   10000   12000              1     0     0       
842       --       1   10000   12000              0     0     0       
johnsons  --       0   10000   12000              1     0     0       
kkj84     --     116   10000   12000              1     0     0       
kristen   --    1064   10000   12000              1     0     0       
suzigb    --      48   10000   12000              1     0     0       
camish    --     252   10000   12000              1     0     0       
nenabnit  --     356   10000   12000              1     0     0       
852       --       1   10000   12000              0     0     0       
fowlksj   --      60   10000   12000              1     0     0       
melechon  --    5876   10000   12000              1     0     0       
attorneys --      29   10000   12000              1     0     0       
breeze    --      92   10000   12000              1     0     0       
jeffe     --    1172   10000   12000              1     0     0       
larryg    --       0   10000   12000              1     0     0       
drjohn    --     104   10000   12000              1     0     0       
dray      --      60   10000   12000              1     0     0       
orabate2k --      64   10000   12000              1     0     0       
hiero12   --      74   10000   12000              1     0     0       
marybethrh--    9800   10000   12000              1     0     0       
tljpdx    --      84   10000   12000              1     0     0       
ptcooley  --     100   10000   12000              1     0     0       
brentano  --      44   10000   12000              1     0     0       
johns     --     428   10000   12000              1     0     0       
billc     --       4   10000   12000              1     0     0       
jstephens --      48   10000   12000              1     0     0       
alicec    --       0   10000   12000              1     0     0       
jtoth     --    2216   10000   12000              1     0     0       
skagen    --     160   10000   12000              1     0     0       
ttw1      --     500   10000   12000              1     0     0       
georgia   --     400   10000   12000              1     0     0       
ins       --     392   10000   12000              1     0     0       
913       --       1   10000   12000              0     0     0       
electric  --     128   10000   12000              1     0     0       
lori      --     264   10000   12000              1     0     0       
helen     --       4   10000   12000              1     0     0       
925       --       1   10000   12000              0     0     0       
shanna    --      70   10000   12000              1     0     0       
dnealon   --      40   10000   12000              1     0     0       
cgcinc    --    3072   10000   12000              1     0     0       
dollarhide--       3   10000   12000              1     0     0       
dan       --       4   10000   12000              1     0     0       
larrygohl --      48   10000   12000              1     0     0       
mtnair    --     132   10000   12000              1     0     0       
sharonf   --       0   10000   12000              1     0     0       
kleins    --       0   10000   12000              1     0     0       
garcia    --     152   10000   12000              1     0     0       
cvz       --      65   10000   12000              1     0     0       
yuma      --      12       0       0              1     0     0       
wirex     --      65   10000   12000              1     0     0       
dawsons   --     728   10000   12000              1     0     0       
cynthia   --     510   10000   12000              1     0     0       
danj      --     540   10000   12000              1     0     0       
ollie     --      56   10000   12000              1     0     0       
kb7dbd    --      48   10000   12000              1     0     0       
chrish    --     349   10000   12000              1     0     0       
dhalloran --      16   10000   12000              1     0     0       
dzzdot    --     152   10000   12000              1     0     0       
pedersonal--      69   10000   12000              1     0     0       
lawrence  --      56   10000   12000              1     0     0       
975       --       1   10000   12000              0     0     0       
marsha    --      25   10000   12000              1     0     0       
skip      --       0   10000   12000              1     0     0       
fredw     --     197   10000   12000              1     0     0       
garbs     --      44   10000   12000              1     0     0       
connie    --     248   10000   12000              1     0     0       
pattyj    --       0   10000   12000              1     0     0       
larryl    --       0   10000   12000              1     0     0       
gregl     --    2108   10000   12000              1     0     0       
phils     --       4   10000   12000              1     0     0       
chadl     --      20   10000   12000              1     0     0       
ericj     --      28   10000   12000              1     0     0       
terryw    --     616   10000   12000              1     0     0       
darrellk  --      56   10000   12000              1     0     0       
pedersondc--      72   10000   12000              1     0     0       
kwagner   --      84   10000   12000              1     0     0       
ccohen    --     248   10000   12000              1     0     0       
tfrostad  --      56   10000   12000              1     0     0       
lstohosky --      48   10000   12000              1     0     0       
barbara   --     516   10000   12000              1     0     0       
lisaodell --     116   10000   12000              1     0     0       
job284    --      28   10000   12000              1     0     0       
broganj   --     540   10000   12000              1     0     0       
toni      --     248   10000   12000              1     0     0       
baidarka  --     104   10000   12000              1     0     0       
veranda   --       0   10000   12000              1     0     0       
hutch1    --       0   10000   12000              1     0     0       
dscobert  --       0   10000   12000              1     0     0       
erin      --       0       0       0              1     0     0       
gmcqueen  --      12   10000   12000              1     0     0       
pbeckman  --     236   10000   12000              1     0     0       
solson    --     916   10000   12000              1     0     0       
showland  --      84   10000   12000              1     0     0       
pschneider--      80   10000   12000              1     0     0       
ablaisdell--       0   10000   12000              1     0     0       
gmclean   --       0   10000   12000              1     0     0       
dlei      --       0   10000   12000              1     0     0       
rschneider--      28   10000   12000              1     0     0       
dbennett  --      84   10000   12000              1     0     0       
bkarstette--      32   10000   12000              1     0     0       
nvanhorn  --       4   10000   12000              1     0     0       
volunteers--       0   10000   12000              1     0     0       
rsmith    --       0   10000   12000              1     0     0       
photos    --      24   10000   12000              1     0     0       
rnh       --       0   10000   12000              1     0     0       
eastonhh  --      48   10000   12000              1     0     0       
magnet7   --       0   10000   12000              1     0     0       
bwpblshd  --       4   10000   12000              1     0     0       
kathleenm --    1120   10000   12000              1     0     0       
cdsadle   --      20   10000   12000              1     0     0       
courtney  --       8   10000   12000              1     0     0       
sfadmin   --       0   10000   12000              1     0     0       
gvtay1    --       0   10000   12000              1     0     0       
kris      --       0   10000   12000              1     0     0       
lifeboat  --      12   10000   12000              1     0     0       
javada    --      40   10000   12000              1     0     0       
beckys    --     116   10000   12000              1     0     0       
renee     --    1392   10000   12000              1     0     0       
jacob     --     840   10000   12000              1     0     0       
dgarber   --     676   10000   12000              1     0     0       
tkennedy  --      32   10000   12000              1     0     0       
casey     --       0   10000   12000              1     0     0       
folcks    --       8   10000   12000              1     0     0       
brindt    --       8   10000   12000              1     0     0       
bobbyho   --      40   10000   12000              1     0     0       
mumford   --     560   10000   12000              1     0     0       
firth     --       0   10000   12000              1     0     0       
e48083    --       8   10000   12000              1     0     0       
daggett   --      16   10000   12000              1     0     0       
mchandra  --       0   10000   12000              1     0     0       
jhaaryan  --       0   10000   12000              1     0     0       
mccoys    --     148   10000   12000              1     0     0       
azstudios --       8   10000   12000              1     0     0       
dieter    --      20   10000   12000              1     0     0       
jhfantasy --       0   10000   12000              1     0     0       
ltaylor   --       4   10000   12000              1     0     0       
linda     --     788   10000   12000              1     0     0       
ctaylor   --      24   10000   12000              1     0     0       
maj       --     148   10000   12000              1     0     0       
phoenix   --       0   10000   12000              1     0     0       
carynh    --      16   10000   12000              1     0     0       
larryh    --      32   10000   12000              1     0     0       
drlemay   --       0   10000   12000              1     0     0       
mlrobe    --       4   10000   12000              1     0     0       
nails     --      32   10000   12000              1     0     0       
cherri    --      48   10000   12000              1     0     0       
leahg     --     444   10000   12000              1     0     0       
rerites   --       4   10000   12000              1     0     0       
ariell4deb--       8   10000   12000              1     0     0       
juliesa   --      36   10000   12000              1     0     0       
anav      --       0   10000   12000              1     0     0       
laurieb   --       4   10000   12000              1     0     0       
srarabians--       8   10000   12000              1     0     0       
susie     --       0       0       0              1     0     0       
stephanie --       0       0       0              1     0     0       
squesada  --      24   10000   12000              1     0     0       
stkatz    --      56       0       0              1     0     0       
patti1of9 --       0   10000   12000              1     0     0       
thomametz --       4   10000   12000              1     0     0       
dolcott   --     296   10000   12000              1     0     0       
billh     --      28   10000   12000              1     0     0       
bag       --      20   10000   12000              1     0     0       
ttewalt   --     132   10000   12000              1     0     0       
jdtewalt  --      16   10000   12000              1     0     0       
attewalt  --      16   10000   12000              1     0     0       
canyon4678--      16   10000   12000              1     0     0       
rich      --      28       0       0              1     0     0       
dltroy    --      20   10000   12000              1     0     0       
pnickola  --       0   10000   12000              1     0     0       
jjeuck    --     172   10000   12000              1     0     0       
sosimple  --       0   10000   12000              1     0     0       
gmathey   --    1036   10000   12000              1     0     0       
alasher   --      36   10000   12000              1     0     0       
mmhivick  --     216   10000   12000              1     0     0       
cork      --    1012   10000   12000              1     0     0       
jeannie   --       0   10000   12000              1     0     0       
wendy     --       4   10000   12000              1     0     0       
patingarde--      40   10000   12000              1     0     0       
cnheart   --       8   10000   12000              1     0     0       
blarney   --      12   10000   12000              1     0     0       
viking    --      12   10000   12000              1     0     0       
avis      --      12   10000   12000              1     0     0       
shorty    --       0   10000   12000              1     0     0       
corya     --       4   10000   12000              0     0     0       
geom      --       0   10000   12000              1     0     0       
halfpint  --       8   10000   12000              1     0     0       
lhs58     --       0   10000   12000              1     0     0       
maclarent --       8   10000   12000              1     0     0       
jona      --       0   10000   12000              1     0     0       
kulihi    --       4   10000   12000              1     0     0       
thethirdso--       4   10000   12000              1     0     0       
mrslvj    --       4   10000   12000              1     0     0       
brett     --       8   10000   12000              1     0     0       
inhisname --       4   10000   12000              1     0     0       
jimmarc   --       8   10000   12000              1     0     0       
